53 11
54 13
55 15
56 16
57 17
58 18
59 19
60 20
61 21
62 21
63 22
64 23
65 23
66 24
67 24
68 25
69 26
70 26
71 27
72 27
73 28
74 29
75 29
76 29
77 30
78 30
79 31
80 31
81 32
82 32
83 33
84 33
85 35
86 35
87 35
88 36
89 36
90 37
91 38
92 38
93 39
94 39
95 40
96 41
97 42
98 42
99 42
100 43
101 44
102 43
103 45
104 45
105 45
106 46
107 47
108 47
109 48
110 48
111 48
112 49
113 50
114 51
115 51
116 51
117 53
118 53
119 53
120 54
121 55
122 55
123 55
124 56
125 57
126 57
127 57
128 58
129 59
130 59
131 59
132 61
133 61
135 61
136 62
137 63
138 64
139 64
140 64
141 65
142 65
143 66
144 68
145 66
146 67
147 67
148 68
149 71
150 70
151 70
153 72
154 73
155 72
156 71
157 72
158 75
159 74
160 74
161 76
162 75
163 79
164 76
165 79
166 78
167 78
169 79
170 81
171 79
173 82
174 82
175 84
176 83
178 85
179 84
181 87
182 88
183 89
184 86
185 90
186 88
187 91
190 90
191 90
192 91
193 94
194 92
195 93
197 101
198 94
199 97
200 97
202 96
203 97
205 98
206 99
207 97
208 101
209 99
211 102
212 103
213 103
214 103
215 103
216 104
217 104
218 107
219 105
220 104
221 106
222 106
223 106
224 108
225 110
226 109
227 108
231 110
232 113
233 111
234 110
236 112
237 113
238 113
239 112
242 119
243 115
244 115
245 116
246 121
249 121
250 120
251 118
252 120
253 129
254 121
255 122
256 123
259 124
260 124
261 128
262 122
263 125
264 126
265 127
266 126
268 129
269 128
270 133
271 133
272 126
274 132
275 132
277 134
278 131
279 133
280 138
281 133
283 137
285 136
286 137
287 138
288 137
289 136
291 139
292 141
293 141
294 141
295 139
297 145
298 142
299 140
301 144
302 145
303 142
304 145
305 149
307 145
308 145
309 148
310 146
312 150
313 151
314 150
315 151
316 147
317 154
318 149
319 156
320 152
321 153
322 153
323 155
324 160
326 158
327 156
328 156
329 159
330 165
331 161
332 161
333 160
334 166
335 162
336 161
338 167
339 168
340 166
341 168
342 167
343 169
344 169
345 166
346 163
347 165
348 165
349 165
350 166
351 166
352 166
353 167
354 161
355 166
356 163
357 167
358 165
359 159
360 165
361 167
