982 446
982 446
982 446
982 446
982 446
982 446
982 446
982 446
982 446
982 446
982 446
982 446
982 446
982 446
982 446
982 446
982 446
982 446
982 446
982 446
982 446
982 446
982 446
982 446
982 446
982 446
982 446
982 446
982 446
982 446
982 446
982 446
982 446
982 446
982 446
982 446
982 446
982 446
982 446
982 446
982 446
982 446
982 446
982 446
982 446
982 446
982 446
982 446
982 445
982 445
982 445
982 445
982 446
982 446
982 446
982 446
982 446
982 446
982 446
983 445
983 445
982 445
982 445
983 445
983 445
983 445
983 445
982 444
982 444
982 444
982 444
982 444
982 444
982 444
980 443
980 443
980 443
980 443
980 443
980 443
980 443
980 443
980 442
980 442
980 442
980 442
980 441
980 441
980 441
978 439
978 439
976 437
976 437
974 435
974 435
974 435
974 435
969 431
969 431
966 428
966 428
962 426
962 426
962 426
956 422
956 422
951 419
951 419
946 416
946 416
946 416
946 416
931 408
931 408
923 403
915 399
915 399
915 399
915 399
901 392
901 392
892 387
892 387
882 382
882 382
882 382
882 382
863 372
854 366
854 366
845 362
845 362
845 362
834 356
834 356
829 353
829 353
824 350
824 350
824 350
824 350
818 346
814 344
814 344
811 343
811 343
811 343
811 343
804 338
804 338
802 336
802 336
800 335
800 335
800 335
795 332
795 332
720 310
720 310
717 308
717 308
717 308
717 308
710 303
709 302
709 302
705 300
705 300
705 300
701 299
701 299
701 299
697 297
694 296
694 296
694 296
694 296
687 295
687 295
684 294
684 294
679 293
679 293
679 293
668 292
668 292
666 292
666 292
660 291
660 291
660 291
660 291
648 290
648 290
642 289
635 290
635 290
635 290
635 290
626 290
626 290
619 290
619 290
613 290
613 290
613 290
600 288
600 288
593 288
593 288
586 288
586 288
586 288
586 288
575 289
575 289
568 290
561 289
561 289
561 289
561 289
549 289
549 289
541 289
541 289
532 289
532 289
532 289
516 290
516 290
508 290
508 290
504 290
504 290
504 290
487 290
487 290
478 291
478 291
474 291
474 291
474 291
458 291
458 291
450 292
450 292
443 292
443 292
443 292
432 293
432 293
425 294
425 294
418 295
418 295
418 295
407 296
407 296
401 297
401 297
394 298
394 298
394 298
384 300
384 300
377 301
377 301
370 303
370 303
370 303
370 303
355 305
355 305
348 307
345 307
345 307
345 307
345 307
335 309
335 309
331 310
331 310
327 311
327 311
327 311
320 311
320 311
318 312
318 312
316 312
316 312
316 312
316 312
311 313
308 313
308 313
307 314
307 314
307 314
307 314
303 315
301 316
301 316
224 341
224 341
224 341
224 341
219 343
219 343
216 344
215 345
215 345
215 345
215 345
209 346
209 346
206 347
206 347
203 348
203 348
203 348
198 350
198 350
194 350
194 350
191 351
191 351
191 351
185 353
185 353
181 355
181 355
177 356
177 356
177 356
171 359
171 359
166 361
166 361
161 363
161 363
161 363
151 366
151 366
145 368
145 368
139 371
139 371
139 371
125 375
125 375
122 377
122 377
114 380
114 380
114 380
114 380
99 385
99 385
92 389
84 391
84 391
84 391
84 391
76 396
76 396
72 399
68 401
68 401
68 401
68 401
63 404
63 404
60 406
57 408
57 408
57 408
57 408
53 411
53 411
51 413
51 413
50 413
50 413
50 413
46 416
46 416
44 416
44 416
42 416
42 416
42 416
39 418
39 418
38 419
38 419
37 420
37 420
37 420
37 420
35 422
33 424
33 424
32 425
32 425
32 425
32 425
29 427
29 427
28 428
28 428
27 429
27 429
27 429
25 430
25 430
24 430
24 430
23 431
23 431
23 431
23 431
24 431
24 431
25 429
26 430
26 430
26 430
26 430
26 430
29 428
28 427
28 427
29 427
29 427
29 427
29 427
32 424
32 424
33 423
33 423
33 423
33 423
33 423
36 420
36 420
38 419
40 417
40 417
40 417
40 417
41 414
41 414
43 412
45 410
45 410
45 410
45 410
48 407
48 407
51 406
54 405
54 405
54 405
54 405
59 403
59 403
62 402
62 402
65 400
65 400
65 400
75 397
75 397
80 395
80 395
83 393
83 393
83 393
101 387
101 387
112 384
112 384
116 381
116 381
116 381
137 374
137 374
148 371
148 371
157 367
157 367
157 367
157 367
169 362
177 359
177 359
184 357
184 357
184 357
184 357
192 354
197 353
197 353
202 352
202 352
202 352
202 352
210 350
212 349
212 349
215 348
215 348
215 348
215 348
222 347
223 346
223 346
301 321
301 321
301 321
301 321
307 321
308 320
308 320
310 319
310 319
310 319
310 319
315 317
317 317
317 317
319 316
319 316
319 316
319 316
325 315
329 315
329 315
331 314
331 314
331 314
331 314
341 313
341 313
349 311
349 311
358 310
358 310
358 310
358 310
376 306
386 305
386 305
391 305
391 305
391 305
391 305
408 303
408 303
415 302
415 302
422 301
422 301
422 301
434 299
434 299
442 298
442 298
450 297
450 297
450 297
450 297
464 295
471 294
471 294
478 294
478 294
478 294
478 294
487 293
487 293
492 292
497 292
497 292
497 292
497 292
506 291
506 291
510 290
510 290
515 290
515 290
515 290
515 290
522 289
527 289
527 289
532 289
532 289
532 289
532 289
540 289
546 289
546 289
552 290
552 290
552 290
552 290
565 290
565 290
570 292
570 292
576 292
576 292
576 292
585 292
585 292
591 293
591 293
597 294
597 294
597 294
606 294
606 294
611 295
611 295
617 295
617 295
617 295
617 295
630 297
630 297
636 298
640 299
640 299
640 299
640 299
651 301
651 301
657 303
663 304
663 304
663 304
663 304
671 307
671 307
677 308
677 308
681 309
681 309
681 309
681 309
688 310
688 310
692 311
692 311
695 312
695 312
695 312
702 313
702 313
705 314
705 314
706 315
706 315
706 315
711 317
711 317
714 318
714 318
715 319
715 319
715 319
715 319
794 342
794 342
797 343
800 344
800 344
800 344
800 344
807 347
807 347
808 349
812 351
812 351
812 351
812 351
820 354
820 354
820 354
824 356
829 358
829 358
829 358
829 358
840 364
840 364
848 368
848 369
852 369
852 369
852 369
867 377
867 377
874 380
874 380
882 384
882 384
882 384
882 384
895 389
895 389
906 394
910 396
910 396
910 396
910 396
925 403
925 403
933 407
933 407
940 410
940 410
940 410
949 415
949 415
953 418
953 418
957 420
957 420
957 420
963 425
963 425
963 426
963 426
967 428
967 428
967 428
967 428
972 433
972 433
974 435
974 435
976 438
976 438
976 438
980 442
980 442
983 445
983 445
985 447
985 447
985 447
987 450
987 450
989 452
989 452
990 454
990 454
990 454
991 456
991 456
991 457
991 457
990 457
990 457
990 457
990 455
990 455
989 454
989 454
988 452
988 452
988 452
988 452
984 446
984 446
981 443
977 440
977 440
977 440
977 440
972 435
972 435
969 432
969 432
964 429
964 429
964 429
964 429
954 423
954 423
948 419
948 419
940 414
940 414
940 414
925 406
925 406
915 402
915 402
906 397
906 397
906 397
906 397
887 389
878 384
878 384
874 382
874 382
874 382
874 382
857 374
851 371
851 371
843 367
843 367
843 367
843 367
834 362
834 362
828 359
824 356
824 356
824 356
824 356
817 352
817 352
814 350
814 350
810 349
810 349
810 349
803 344
803 344
800 342
800 342
799 341
799 341
799 341
793 340
793 340
718 315
718 315
715 314
715 314
715 314
715 314
711 312
708 311
708 311
705 310
705 310
705 310
705 310
699 308
699 308
696 307
696 307
692 306
692 306
692 306
686 305
686 305
681 305
681 305
675 303
675 303
675 303
664 301
664 301
657 300
657 300
650 299
650 299
650 299
650 299
637 297
633 296
633 296
626 295
626 295
626 295
626 295
612 294
612 294
605 292
605 292
599 291
599 291
599 291
599 291
587 292
584 290
584 290
578 290
578 290
578 290
578 290
567 290
567 290
561 290
561 290
555 291
555 291
555 291
543 292
543 292
538 293
538 293
535 293
535 293
535 293
535 293
525 294
525 294
520 294
515 295
515 295
515 295
515 295
506 295
506 295
499 295
499 295
492 294
492 294
492 294
477 294
477 294
469 293
469 293
461 293
461 293
461 293
461 293
451 293
444 293
444 293
437 294
437 294
437 294
437 294
422 295
422 295
415 296
415 296
411 297
411 297
411 297
398 299
398 299
391 300
391 300
387 301
387 301
387 301
373 303
373 303
366 304
366 304
358 306
358 306
358 306
347 308
347 308
340 310
340 310
335 311
335 311
335 311
328 312
328 312
324 313
324 313
320 313
320 313
320 313
316 314
316 314
313 314
313 314
311 315
311 315
311 315
311 315
307 315
304 316
304 316
302 316
302 316
302 316
302 316
223 342
220 342
220 342
219 343
219 343
219 343
219 343
213 345
213 345
211 345
208 346
208 346
208 346
208 346
204 348
204 348
202 349
202 349
199 350
199 350
199 350
193 352
193 352
189 353
189 353
188 354
188 354
188 354
180 356
180 356
175 358
175 358
170 360
170 360
170 360
170 360
159 364
159 364
156 365
151 367
151 367
151 367
151 367
141 371
141 371
137 373
137 373
134 374
134 374
134 374
125 378
125 378
120 380
120 380
117 382
117 382
117 382
106 387
106 387
100 390
100 390
94 392
94 392
94 392
94 392
82 398
82 398
79 398
75 401
75 401
75 401
75 401
67 403
67 403
65 405
65 405
62 406
62 406
62 406
58 408
58 408
56 410
56 410
54 412
54 412
54 412
51 414
51 414
50 415
50 415
48 417
48 417
48 417
48 417
45 421
43 422
43 422
42 424
42 424
42 424
42 424
37 427
37 427
36 429
35 430
35 430
35 430
35 430
34 431
34 431
34 431
35 430
35 430
35 430
35 430
37 430
37 430
38 429
38 429
38 427
38 427
38 427
40 425
40 425
40 424
40 424
42 424
42 424
42 424
45 421
45 421
47 420
47 420
48 419
48 419
48 419
48 419
52 417
54 416
54 416
57 415
57 415
57 415
57 415
61 414
64 413
64 413
67 412
67 412
67 412
67 412
71 410
74 408
74 408
79 406
79 406
79 406
79 406
90 400
90 400
99 397
103 395
103 395
103 395
103 395
122 389
122 389
131 385
131 385
140 381
140 381
140 381
155 375
155 375
164 370
164 370
173 366
173 366
173 366
173 366
188 360
188 360
194 358
196 357
196 357
196 357
196 357
206 353
211 351
211 351
213 350
213 350
213 350
213 350
221 346
301 320
301 320
304 319
304 319
304 319
304 319
310 317
310 317
314 315
317 314
317 314
317 314
317 314
324 312
324 312
329 311
333 310
333 310
333 310
333 310
346 307
346 307
350 306
350 306
358 305
358 305
358 305
358 305
374 302
382 301
382 301
390 299
390 299
390 299
390 299
405 297
405 297
414 295
414 295
418 295
418 295
418 295
435 293
435 293
443 292
443 292
448 292
448 292
448 292
448 292
465 290
473 289
473 289
482 289
482 289
482 289
482 289
499 288
499 288
507 288
507 288
515 287
515 287
515 287
515 287
526 287
534 287
534 287
542 287
542 287
542 287
542 287
558 288
558 288
566 288
570 288
570 288
570 288
570 288
584 289
584 289
591 289
591 289
598 290
598 290
598 290
608 291
608 291
614 291
614 291
620 292
620 292
620 292
620 292
631 293
636 294
636 294
639 294
639 294
639 294
639 294
648 295
648 295
652 296
652 296
656 297
656 297
656 297
662 297
662 297
666 298
666 298
670 299
670 299
670 299
679 301
679 301
680 301
680 301
683 301
683 301
683 301
687 302
687 302
689 302
689 302
690 302
690 302
690 302
690 302
693 302
694 303
694 303
696 303
696 303
696 303
696 303
702 305
702 305
704 305
704 305
707 306
707 306
707 306
713 308
713 308
715 309
715 309
718 310
718 310
718 310
718 310
721 312
796 333
796 333
799 334
799 334
799 334
799 334
803 335
803 335
806 337
806 337
807 338
807 338
807 338
813 341
813 341
817 342
817 342
822 344
822 344
822 344
829 347
829 347
833 349
833 349
838 351
838 351
838 351
838 351
844 355
848 356
848 356
851 358
851 358
851 358
851 358
856 361
857 362
857 362
859 363
859 363
859 363
859 363
865 366
868 367
868 367
869 368
869 368
869 368
869 368
872 369
872 369
873 370
874 370
874 370
874 370
874 370
874 370
877 372
877 372
880 374
887 377
887 377
887 377
887 377
902 383
902 383
914 389
914 389
926 394
926 394
926 394
946 403
946 403
956 408
956 408
963 413
963 413
963 413
963 413
976 421
976 421
978 426
980 430
980 430
980 430
980 430
984 437
984 437
987 440
987 440
988 441
988 441
988 441
992 445
992 445
994 448
994 448
995 449
995 449
995 449
995 449
995 450
995 450
995 450
995 450
996 451
996 451
996 451
996 451
996 451
995 450
995 450
993 449
993 449
993 449
993 449
987 445
987 445
985 443
985 443
982 440
982 440
982 440
982 440
975 434
975 434
973 432
968 429
968 429
968 429
968 429
957 422
957 422
950 419
950 419
942 414
942 414
942 414
942 414
916 403
916 403
904 398
899 396
899 396
899 396
899 396
878 387
878 387
869 383
859 379
859 379
859 379
859 379
845 373
845 373
836 369
836 369
